## Sign test
## one sample test
data = pq.Quantity( [97.4, 97.8, 98.2, 98.2, 98.2, 98.2, 98.6, 98.6, 99.0,
                     97.1, 97.6, 98.0, 98.4, 98.4, 99.2, 99.7, 97.15, 98.5],
                     units = pq.degF )
eta0 = 98.6
# check answers
# below 13, equal 2, above 3, median 98.20, p-value 0.0106 # exact p-value

## paired data
student = pq.Quantity(
      [69.  , 72.  , 69.  , 74.  , 72.  , 70.  , 71.  , 68.  , 71.  ,
       69.  , 69.  , 68.  , 68.  , 72.  , 64.  , 76.  , 68.  , 68.  ,
       70.  , 69.  , 67.  , 76.5 , 72.  , 64.  , 70.  , 68.  , 73.  ,
       76.5 , 64.  , 71.  , 73.  , 72.  , 71.  , 65.  , 69.  , 66.  ,
       68.  , 67.  , 70.  , 70.  , 65.  , 70.  , 72.  , 70.  , 71.  ,
       71.  , 72.  , 70.  , 68.  , 71.  , 72.  , 63.  , 69.  , 72.  ,
       67.75, 70.  , 67.  , 74.  , 73.  , 66.  , 74.  , 70.  , 72.  ,
       70.  , 75.  , 74.  , 70.  , 74.  , 72.  , 72.  , 73.  , 72.  ,
       73.  , 74.  , 68.  , 63.  ], units = pq.inch )
father = pq.Quantity(
      [68. , 69. , 69. , 76. , 72. , 74. , 73. , 73. , 67. , 64. , 65. ,
       65. , 67. , 71. , 64. , 78. , 65. , 69. , 69. , 32. , 70. , 73.5,
       68. , 63. , 70. , 68. , 72. , 72. , 60. , 70. , 67. , 72. , 65. ,
       65. , 72. , 64. , 65. , 65. , 72. , 68. , 68. , 69. , 70. , 71. ,
       67. , 68. , 64. , 67. , 73. , 73. , 67. , 63. , 65. , 75. , 66. ,
       73. , 65. , 72. , 74. , 71. , 72. , 71. , 69. , 73. , 76. , 74. ,
       68. , 65. , 69. , 72. , 69. , 68. , 67. , 74. , 66. , 66. ]), units = pq.inch )
eta0 = 0
# check answers
# below 21, equal 11, above 44, median 1.0, z 2.85, p-value 0.0022

## Signed-Rank test
## one sample test
data = pq.Quantity( [125, 118, 123, 120, 135, 129, 117], units = pq.mmHg )
eta0 = 120 * pq.mmHg
# check answers
# Tplus  = 17.5
# n_u = 6

## paired data
student = pq.Quantity(
      [64. , 66. , 63. , 67. , 60. , 68. , 67. , 66. , 67. , 65. , 61. ,
       64. , 68. , 64. , 65.5, 67. , 67. , 62.5, 62. , 62. , 64. , 66. ,
       65. , 67. , 64.5, 70. , 63. , 65. , 60. , 69. , 64. , 62. , 63. ,
       64. , 62. , 72. , 63. , 67. , 68. , 64. , 72. , 59.5, 65. , 68. ,
       61. , 66. , 62.5, 65. , 65. , 63. , 70. , 64. , 63. , 68. , 63.5,
       67.5, 66. , 66. , 61. , 63. , 61. , 61. , 66. , 63. , 66. , 66. ,
       68. , 62. , 66. , 62. , 63. , 66. , 66. , 69. , 68. , 64. , 69. ,
       62. , 65. , 67. , 66. , 63. , 61. , 67. , 67. , 63.5, 60. , 67. ,
       61. , 64. , 68. , 63. , 62. , 67. , 60. , 64.5, 60.5, 69.5, 66. ,
       65. , 65. , 63. , 67. , 68. , 68. , 65. , 63. , 62. , 63. , 71. ,
       63. , 63. , 62. , 63. , 65. , 63. , 65. , 64. , 68. , 64. , 61. ,
       62. , 66. , 68. , 65. , 69. , 65. , 64. , 64. , 67. , 68. , 73. ], unit = pq.inch )

father = pq.Quantity(
      [64. , 61. , 62. , 68. , 60. , 67. , 70. , 60. , 68. , 64. , 64. ,
       63. , 64. , 63. , 62. , 66. , 69. , 65.5, 61. , 57. , 62. , 66. ,
       64. , 65. , 66. , 65. , 56. , 64. , 64. , 64. , 63. , 62. , 62. ,
       69. , 62. , 65. , 60. , 69. , 64. , 67. , 70. , 59. , 70. , 60. ,
       59. , 64. , 67. , 62. , 63. , 61. , 68. , 64. , 65. , 69. , 64. ,
       70. , 65. , 63. , 61. , 65. , 60. , 60. , 65. , 61. , 62. , 62. ,
       63. , 62. , 67. , 60. , 62. , 62. , 65. , 66. , 65. , 65. , 67. ,
       65. , 63. , 64. , 67. , 62. , 66. , 64. , 63. , 65. , 64. , 65. ,
       59. , 62. , 67. , 65. , 64. , 66. , 62. , 65.5, 62. , 63. , 64. ,
       64. , 62. , 60. , 65. , 66. , 62. , 63. , 65. , 60. , 66. , 69. ,
       63. , 63. , 64. , 61. , 67. , 65. , 64. , 58. , 68. , 63. , 62. ,
       60. , 62. , 66. , 64. , 65. , 69. , 68. , 64. , 62. , 65. , 68. ]), unit = pq.inch )
eta0 = 0
# check answers
# Tplus = 5021.0, n_U = 120, median 1.0, z 3.64, p-value 0.0001

## Two sample rank-sum test
sample_usa = [2, 30, 35, 70, 100, 120, 135, 150, 190, 200]
sample_aus = [8, 12, 16, 29, 35, 40, 45, 46, 95]
# check answers
# W = 125.5, mu_W = 100, sd 12.25, z 2.08, p-value 0.02